+998990044779
+998994779994
+998935813344
+998998844001
+998909021770
+998997389033
+998900624440
+998930764004
+998909154566
+998990771645
+998918478777
+998911649667
+998995934040
+998938333383
+998900707434
+998949862428
+998946644551
+998909176924
+998900769400
+998990571677
+998930047727
+998901256535
+998994821121
+998900801818
+998990208580
+998909144800
+998977715554
+998935070676
+998915991080
+998904209800
+998996417902
+998935299999
+998911366964
+998946548305
+998949292299
+998936847232
+998940980042
+998908230999
+998907151191
+998949184040
+998946786611
+998998917708
+998993010050
+998977269669
+998931230315
+998934935666
+998979076161
+998977780727
+998991455002
+998994365613
+998998573838
+998912590696
+998973029282
+998938480074
+998997170724
+998931445061
+998949487060
+998907475855
+998998707216
+998970758289
+998974316161
+998949977090
+998907886732
+998979987830
+998931652222
+998938410171
+998976857377
+998990505959
+998998107850
+998975116169
+998901805858
+998998556317
+998900093322
+998971995866
+998998582645
+998930638781
+998948172517
+998975104649
+998902126012
+998901376300
+998946748894
+998979099303
+998990063010
+998993450524
+998943045252
+998909778484
+998998177756
+998999207523
+998909167874
+998950111191
+998936238389
+998946800399
+998973193952
+998946199939
+998998273614
+998995251651
+998977524646
+998996305596
+998942966003
+998941232002
+998902532300
+998915171721
+998909620926
+998981233203
+998906340106
+998990202512
+998908090701
+998943631633
+998998373525
+998917973126
+998910066694
+998997805727
+998954341905
+998945081363
+998943570003
+998949430103
+998900444641
+998971310212
+998990396399
+998940996336
+998900223665
+998994010709
+998930042458
+998909316674
+998993061837
+998901178428
+998958887557
+998903156363
+998940011420
+998957901666
+998912337177
+998903330414
+998952222249
+998998711606
+998993063537
+998999100788
+998900100542
+998957995000
+998977414199
+998951290099
+998991773646
+998935474100
+998972406115
+998901758475
+998993802507
+998933980166
+998909688490
+998903920405
+998935381967
+998901300049
+998903303921
+998915150301
+998941169225
+998946660095
+998935248000
+998908118337
+998990335993
+998933219811
+998900042299
+998958701324
+998977393449
+998994378292
+998994041902
+998991888661
+998999411711
+998945992104
+998937994994
+998998742088
+998917902322
+998900111093
+998973470888
+998990336566
+998912355887
+998900441701
+998909567972
+998916900077
+998974073038
+998904778134
+998935452333
+998957472677
+998946384038
+998976759998
+998996376767
+998990581997
+998917729091
+998970368087
+998996202696
+998946610496
+998933117785
+998900020249
+998909631999
+998974222492
+998979500108
+998940666000
+998904360656
+998914290777
+998933037667
+998974645080
+998977005265
+998997040152
+998946345392
+998950290002
+998941245050
+998993414431
+998998709929
+998941635353
+998946955554
+998900306486
+998932972396
+998943773043
+998909503436
+998994880202
+998950158696
+998938324422
+998900130043
+998917706660
+998945423530
+998944202686
+998909042546
+998998597491
+998930859669
+998946539017
+998914660933
+998903232261
+998901139898
+998913991119
+998912701694
+998935443487
+998998813822
+998939666949
+998949771223
+998936907004
+998915780121
+998946423856
+998996066688
+998994231382
+998909655278
+998994036444
+998970047677
+998957995677
+998993135878
+998975098400
+998903243539
+998935566444
+998993664363
+998935453845
+998998828187
+998993714656
+998996090486
+998935434348
+998970178242
+998934433787
+998911402122
+998909785400
+998977832248
+998914279889
+998934742164
+998951800710
+998909571151
+998992314664
+998917750557
+998917891550
+998907096799
+998992808313
+998990022296
+998903351126
+998942382729
+998944538090
+998939071020
+998994852556
+998942480096
+998935851919
+998930835048
+998998646580
+998998543601
+998993877841
+998999238041
+998995191828
+998946181003
+998940164640
+998958076740
+998970413110
+998910055883
+998994389266
+998935989603
+998900159619
+998942441698
+998909632001
+998909580900
+998900343139
+998954447843
+998943770096
+998903931100
+998945460959
+998931477007
+998906620303
+998944980005
+998998865150
+998900089187
+998901853526
+998947795938
+998935570886
+998900660592
+998908090602
+998977784414
+998933789922
+998977156515
+998970059977
+998909010212
+998909633958
+998912308410
+998900326403
+998931755995
+998956436969
+998990060319
+998952544008
+998935621570
+998933335145
+998977991997
+998901187701
+998909311313
+998998373631
+998946032333
+998978828788
+998999906774
+998977307476
+998997666446
+998900971094
+998977511989
+998990036598
+998998507959
+998909940032
+998998185336
+998936002121
+998952522323
+998990747407
+998977050213
+998900985646
+998935201236
+998990198201
+998907999894
+998999115719
+998998439340
+998939359598
+998994831180
+998931853292
+998998909040
+998937735093
+998918096015
+998998116185
+998953906222
+998931072288
+998993308986
+998912117006
+998993289238
+998905350005
+998979050222
+998900228587
+998914123232
+998947813929
+998951203366
+998909255855
+998977162800
+998909809114
+998941901006
+998974413686
+998990818755
+998910081828
+998999200238
+998918311129
+998948207778
+998933228008
+998946541940
+998994058883
+998981269366
+998945525150
+998996832423
+998996118198
+998992285021
+998905119119
+998909060990
+998940227224
+998912080700
+998977450993
+998901740046
+998909028784
+998919420098
+998933107888
+998974456454
+998975870284
+998998122818
+998998533339
+998935617333
+998905699696
+998912255322
+998933760530
+998998049745
+998990664774
+998974127944
+998939999468
+998930056767
+998947697488
+998916864331
+998943626166
+998907855000
+998935633457
+998903715030
+998900641180
+998951073456
+998996436666
+998901781868
+998932085070
+998935099592
+998903269697
+998946424888
+998940821911
+998901217794
+998908059994
+998911345445
+998998447667
+998900179994
+998910084801
+998950719411
+998990275858
+998931080010
+998997622228
+998998949273
+998946229988
+998998170305
+998950940806
+998998783199
+998944710401
+998936026868
+998954330193
+998977770125
+998930002213
+998995367797
+998919953959
+998998570260
+998998005148
+998993949933
+998998686076
+998900195056
+998956772120
+998900038882
+998990746037
+998974406622
+998944970547
+998987788872
+998990949696
+998972111999
+998916404092
+998998239553
+998914122212
+998944217667
+998935045157
+998994064384
+998993431403
+998994709735
+998933869565
+998931891100
+998974459396
+998901682629
+998903463002
+998998650948
+998902555454
+998975990502
+998958143311
+998978500398
+998997133169
+998901886602
+998903596643
+998942325922
+998933717550
+998958486768
+998998780019
+998901756585
+998910058005
+998990407472
+998938836565
+998900636071
+998909870388
+998900423115
+998946038080
+998903256600
+998937981838
+998901433999
+998900990589
+998907143138
+998998806542
+998900272533
+998919101923
+998971555535
+998949376137
+998938740549
+998997911363
+998900100610
+998903371718
+998909289019
+998991274797
+998901371444
+998977742292
+998936067741
+998932431050
+998913341617
+998999037360
+998998133770
+998909933535
+998942646886
+998977639683
+998914700464
+998997894421
+998946131999
+998999016698
+998933281070
+998914952002
+998909335609
+998977165050
+998909807118
+998997932885
+998977231414
+998991604953
+998957809798
+998903993683
+998993271205
+998940190897
+998901318381
+998906797171
+998996460628
+998946720003
+998932332720
+998900029511
+998901324858
+998991494144
+998935068212
+998943143147
+998946587971
+998990979998
+998933798604
+998998808410
+998931212126
+998903190929
+998900510104
+998901392266
+998994910044
+998945589440
+998935975398
+998900091071
+998909523545
+998946223356
+998938745911
+998945790122
+998971017775
+998955549494
+998901896923
+998945343457
+998998946611
+998973235313
+998999277277
+998990123490
+998948500001
+998946700303
+998990070895
+998935922737
+998943686462
+998935714430
+998901120032
+998903382211
+998950215123
+998944926500
+998990562220
+998912776763
+998990764767
+998910711208
+998998009104
+998992487050
+998917797274
+998901283303
+998933957239
+998994825352
+998937348119
+998900045556
+998997226574
+998977127337
+998998077073
+998978787243
+998998111691
+998971803050
+998940139811
+998998312575
+998909919197
+998990032263
+998910604343
+998993474645
+998903190025
+998957672224
+998932969774
+998936922902
+998972242228
+998992995807
+998903530335
+998977285048
+998990336629
+998970469995
+998956703330
+998978730098
+998996281314
+998974540990
+998950778505
+998998103690
+998978723022
+998946888448
+998995820302
+998994741510
+998900001816
+998990036953
+998998209630
+998970753112
+998909090546
+998977257277
+998977266206
+998999416248
+998902018818
+998990827037
+998993663583
+998909006305
+998942122266
+998909025798
+998919549393
+998998919929
+998974332553
+998909641114
+998911871112
+998944088831
+998998824283
+998909891025
+998936188402
+998931352575
+998938517227
+998951009391
+998995005600
+998959200616
+998935468777
+998998573999
+998905965355
+998946904402
+998946482221
+998998449022
+998974622292
+998998151525
+998977257070
+998903363255
+998935654774
+998998662127
+998904212222
+998903376694
+998990555151
+998970000399
+998949300898
+998998888387
+998994007767
+998995245194
+998974507177
+998993132446
+998901229777
+998973455518
+998909794115
+998975380535
+998933411778
+998909756777
+998932106535
+998974047412
+998944558479
+998950577733
+998990305654
+998946451845
+998944789696
+998959077848
+998990035545
+998998383854
+998990929696
+998946437209
+998903720105
+998909085016
+998935659848
+998903221825
+998996017741
+998975640110
+998999772876
+998956580773
+998991072024
+998935409210
+998990095020
+998958307374
+998943674500
+998935349072
+998909870957
+998991880704
+998908058216
+998998052634
+998994942827
+998908698808
+998958812727
+998935606023
+998908745587
+998971583400
+998900417007
+998998130804
+998945549567
+998903571771
+998909907332
+998930029802
+998901007766
+998994268784
+998977112332
+998944250632
+998992346044
+998942440878
+998991222125
+998974501934
+998906000907
+998994945550
+998993070403
+998977423366
+998935320073
+998903079568
+998909285081
+998994544592
+998935520170
+998998316641
+998935090220
+998902589758
+998935366595
+998949880418
+998950207669
+998938934945
+998909092449
+998998796669
+998933997999
+998937915363
+998903254833
+998909755392
+998951854323
+998908363131
+998900053763
+998973593333
+998990041040
+998976371166
+998978857501
+998949476070
+998998499649
+998937049070
+998977156715
+998905551942
+998959517474
+998900669973
+998994774647
+998946633933
+998998557900
+998946181715
+998998531318
+998974040119
+998933946070
+998977099760
+998940667509
+998935362266
+998998480222
+998903334515
+998974220408
+998902130302
+998999066067
+998930781303
+998946668210
+998943493323
+998997267673
+998974075701
+998915999115
+998995660323
+998940290300
+998903929303
+998932908688
+998946333113
+998946220676
+998909112894
+998900960056
+998943458506
+998909478183
+998901106166
+998900444483
+998900313935
+998998029141
+998945248868
+998946753217
+998909298141
+998938980303
+998991138070
+998993386171
+998930724767
+998904737317
+998977089078
+998936502220
+998932874747
+998996134466
+998918019007
+998998977773
+998998297619
+998977022524
+998910043388
+998999664234
+998909887472
+998903479600
+998991119929
+998903204484
+998943590007
+998909997574
+998942192012
+998934837171
+998902729909
+998941093330
+998957003167
+998998497911
+998997801985
+998994770921
+998930063311
+998932540101
+998906103959
+998909212193
+998915083849
+998950590809
+998994085461
+998946066657
+998950206743
+998935711758
+998977199220
+998909141453
+998949350590
+998992357177
+998946988167
+998950062626
+998935258990
+998998111519
+998900333232
+998900109695
+998949046350
+998900661101
+998902733728
+998903517173
+998943269990
+998935061123
+998942267833
+998911411191
+998908510405
+998944060708
+998941678444
+998935892621
+998944488844
+998943545459
+998996004656
+998998204555
+998992896566
+998978856262
+998903705957
+998971551025
+998990855680
+998976970705
+998910404060
+998998714055
+998977607798
+998998651314
+998918261696
+998996492255
+998977742229
+998998356779
+998975480998
+998973331085
+998997960936
+998909354290
+998998950493
+998935157179
+998993260457
+998974407388
+998990630000
+998998513313
+998911911070
+998977258778
+998909590959
+998974773113
+998998474585
+998977420106
+998977770688
+998909092247
+998999966511
+998946570654
+998998653147
+998996404821
+998997934422
+998912274141
+998900194071
+998931727171
+998994081119
+998909164097
+998909867373
+998903215552
+998998020237
+998905222901
+998933760812
+998977171122
+998909878318
+998998214517
+998951010610
+998903160362
+998996447053
+998903247304
+998944647474
+998903535900
+998908081951
+998974070098
+998990456228
+998935307309
+998900099175
+998998890155
+998903311954
+998993151372
+998903215827
+998998930163
+998917879191
+998936666340
+998904059601
+998946302323
+998930002110
+998946041486
+998977057217
+998990002699
+998909942921
+998974004607
+998998296420
+998909335191
+998974104910
+998907714848
+998997790070
+998999245555
+998900441616
+998974953430
+998947411110
+998949747737
+998933816111
+998991094129
+998974210018
+998930442202
+998997262583
+998900468599
+998998827234
+998991422428
+998990869797
+998903011888
+998900663040
+998998800254
+998997952000
+998946000469
+998977830360
+998974109766
+998937101878
+998997952886
+998977781660
+998908186232
+998933873333
+998913863388
+998903211219
+998977050458
+998998122697
+998998579796
+998947240661
+998950159949
+998979552507
+998903533144
+998980016868
+998900028576
+998935977480
+998909641780
+998903350799
+998903533686
+998974907494
+998998554864
+998908288035
+998971152485
+998909591112
+998997906787
+998919458730
+998900095494
+998935541626
+998935307205
+998974542510
+998998616555
+998937352672
+998977836893
+998998664637
+998998215929
+998977509932
+998946301364
+998979248230
+998998697095
+998909086789
+998996282226
+998901150503
+998948277797
+998935290005
+998946646669
+998911633939
+998998673080
+998907882272
+998945077451
+998910061828
+998994959333
+998903499494
+998908089586
+998903351907
+998950692309
+998952598808
+998990824241
+998909322160
+998992201968
+998957777171
+998973115277
+998909882050
+998998727250
+998976545393
+998908085598
+998999763336
+998977601977
+998909561070
+998995283878
+998950635727
+998977699995
+998994841747
+998974340484
+998946380308
+998935570595
+998974430703
+998977430220
+998904188396
+998974010568
+998998900215
+998974070084
+998991212662
+998934934749
+998910041347
+998946181950
+998935996066
+998933989333
+998950215214
+998998295533
+998941212211
+998974905530
+998999044338
+998998729031
+998998657404
+998977721158
+998944010925
+998977606478
+998943273727
+998933131060
+998997928262
+998998556713
+998977174242
+998977700268
+998909511011
+998901707799
+998939268080
+998931997080
+998997580002
+998940221110
+998914610880
+998936984939
+998930003113
+998944572017
+998940766776
+998947090555
+998977606699
+998948925525
+998953831818
+998919642275
+998909083663
+998998266077
+998994992591
+998945830509
+998900370285
+998903379093
+998900198015
+998903262900
+998998048474
+998935484884
+998950016996
+998971339900
+998909392142
+998977878231
+998909422284
+998998302809
+998903338483
+998998048828
+998900920107
+998942101221
+998998825277
+998945141113
+998978882525
+998903486503
+998998977694
+998998979159
+998903926699
+998909443248
+998946445696
+998973761476
+998998302604
+998977133939
+998977471172
+998909015263
+998999221190
+998999202660
+998998212006
+998977499649
+998998100447
+998993696644
+998998721725
+998999912611
+998900063399
+998946219887
+998935117982
+998977117758
+998998381982
+998997438262
+998990231373
+998993136933
+998903173104
+998900474303
+998909924999
+998903707756
+998914221103
+998990108913
+998998264181
+998903602929
+998945652098
+998971090181
+998946051339
+998917810003
+998998004320
+998998795512
+998946620212
+998935761566
+998975305501
+998901299700
+998974116575
+998946046099
+998977020122
+998900191110
+998909894480
+998900040010
+998944014441
+998977076679
+998997203083
+998935783577
+998977590907
+998909067641
+998998885809
+998938623339
+998993066656
+998977331177
+998994420017
+998903165880
+998905599744
+998908081567
+998977477242
+998909683832
+998910046162
+998909550088
+998939424275
+998996269088
+998932327255
+998994040708
+998998573010
+998901230309
+998999970006
+998993237557
+998935785043
+998977281565
+998999076633
+998958537607
+998977519241
+998946365355
+998998805157
+998998711451
+998971701416
+998946006902
+998911259535
+998971252717
+998998790525
+998945137977
+998990440770
+998998130900
+998932212135
+998988887270
+998974297131
+998909715152
+998977775563
+998914714556
+998935462283
+998978880497
+998974322223
+998990015242
+998903336368
+998959787089
+998914941470
+998935607160
+998944088929
+998998297870
+998909097718
+998938709300
+998935091035
+998981287606
+998900070040
+998971323022
+998943346767
+998994882770
+998935974334
+998930044114
+998909281935
+998977225352
+998943699990
+998913093577
+998900049515
+998999820501
+998943514477
+998971223330
+998977599091
+998999970744
+998977481119
+998935491981
+998946672274
+998940520009
+998933977005
+998993751996
+998998818110
+998900393922
+998949950487
+998909036353
+998901700400
+998990801866
+998908985060
+998909946777
+998951802520
+998950280248
+998907127267
+998909143834
+998935332860
+998973474947
+998998382552
+998935646761
+998973310040
+998946970026
+998936940055
+998900633161
+998941197422
+998946444747
+998901125455
+998993097393
+998901281302
+998935172292
+998974199129
+998998034039
+998999278620
+998998344405
+998933777530
+998933942122
+998974329190
+998990096676
+998994544446
+998977486226
+998998487373
+998900030517
+998908066768
+998996361496
+998902388888
+998906153998
+998991604176
+998909859565
+998933940265
+998947546306
+998953776222
+998993074938
+998931011114
+998998884245
+998914151303
+998903924574
+998909630034
+998991775133
+998957900888
+998935365055
+998994847464
+998946759952
+998975090107
+998910181727
+998944030505
+998994715070
+998903972030
+998947547750
+998992422503
+998909899106
+998900479947
+998946667696
+998914587543
+998933981644
+998942097500
+998998049131
+998993057668
+998933579959
+998909784445
+998903229155
+998950379389
+998990782233
+998994925772
+998979741999
+998998154541
+998950819888
+998944082876
+998998183873
+998942597378
+998900897919
+998998481591
+998998235265
+998910155001
+998907771179
+998946277747
+998977254555
+998933789930
+998901443377
+998931979811
+998945474353
+998938513111
+998976690603
+998995232234
+998992821414
+998997830129
+998930876177
+998903169116
+998971088782
+998919646696
+998991818828
+998974328008
+998998720575
+998992427711
+998900372814
+998935175117
+998977686565
+998909935716
+998994432744
+998914577317
+998900012986
+998900050598
+998998974655
+998971221511
+998994114002
+998944444640
+998978797879
+998948824673
+998932111090
+998996061594
+998942200055
+998983389193
+998998336697
+998998413243
+998946828288
+998998743374
+998942040940
+998991007277
+998990730147
+998946036362
+998973353336
+998906730083
+998945780751
+998958002526
+998901758001
+998990403791
+998935535347
+998998029442
+998974612503
+998990035350
+998992299419
+998998299778
+998995656525
+998970349007
+998917720715
+998994833790
+998931771032
+998978780203
+998935325330
+998936668838
+998916454878
+998939991021
+998933708966
+998917791072
+998916010006
+998997779292
+998932126511
+998909113070
+998901347473
+998930085151
+998919562725
+998973280393
+998977646459
+998974010902
+998938572257
+998916220404
+998993943300
+998977006609
+998945675853
+998998971568
+998971060795
+998909496677
+998991297771
+998916077300
+998958888108
+998971670079
+998951305133
+998933019707
+998977617523
+998999196629
+998998090074
+998930711080
+998994623388
+998935355448
+998998663365
+998904852023
+998946849993
+998909866688
+998955752141
+998933072626
+998993155882
+998903170802
+998903518594
+998978328592
+998946999935
+998946287337
+998995404440
+998943363626
+998958888797
+998990306671
+998933851336
+998909880709
+998998436689
+998949418324
+998977148493
+998998189801
+998933848506
+998992250220
+998909329442
+998978211717
+998934874446
+998946020208
+998946215566
+998909902330
+998900097258
+998901490070
+998998779358
+998994941470
+998990014014
+998916110903
+998946750030
+998974235354
+998908204159
+998936247172
+998901242636
+998935449222
+998998802314
+998950675059
+998974631808
+998998892186
+998935008050
+998996142884
+998942382099
+998931576309
+998903660101
+998933219949
+998900916884
+998997000076
+998998444299
+998935297252
+998951114293
+998976377737
+998909387668
+998932294177
+998901784907
+998900121223
+998974772240
+998932537715
+998990668516
+998946965566
+998998814445
+998994915886
+998931752530
+998904266889
+998903254325
+998990222888
+998998284900
+998998999400
+998946708106
+998914536478
+998974216100
+998977405051
+998997290023
+998959535364
+998957071750
+998903704241
+998998383553
+998935922929
+998909324641
+998930053036
+998999034066
+998900530051
+998990007181
+998999970798
+998977437600
+998934930181
+998935600404
+998940267711
+998901067091
+998935701963
+998900694141
+998909223204
+998944135550
+998990306667
+998940070403
+998908671787
+998901377700
+998935160503
+998974216462
+998909436308
+998990991696
+998994086749
+998976184743
+998974553931
+998909090661
+998950078767
+998931885051
+998905178585
+998940036006
+998909754647
+998911666860
+998903183433
+998998049340
+998901640700
+998994750770
+998998540855
+998990868615
+998935462441
+998977220011
+998951663999
+998996013783
+998909932927
+998909208498
+998946392410
+998939349396
+998936663604
+998971113313
+998935515263
+998909947179
+998971182104
+998934444093
+998971240444
+998903181996
+998995018481
+998942226377
+998946368100
+998993130802
+998913974104
+998935558915
+998997802000
+998990669183
+998903570977
+998909680545
+998909228666
+998990943390
+998903561004
+998941077907
+998998466446
+998993743464
+998911556277
+998901258770
+998909626811
+998913709339
+998900960604
+998904162887
+998952118818
+998971439393
+998977057506
+998931218168
+998937712540
+998900320771
+998909536007
+998909244636
+998947203033
+998998405508
+998994040242
+998919597599
+998911674767
+998935961590
+998908510178
+998998434009
+998900101620
+998943620858
+998977235353
+998972901999
+998977230450
+998999177150
+998970067177
+998935035278
+998935446456
+998995205200
+998998575721
+998942145989
+998949324404
+998998971645
+998977061583
+998905553009
+998997231111
+998996262171
+998943607072
+998908063050
+998998756867
+998934210005
+998974957696
+998998303431
+998935654466
+998909549378
+998910122800
+998970051225
+998930431151
+998974100141
+998910110381
+998905102100
+998909666828
+998903970760
+998995054225
+998994738535
+998977737573
+998935847799
+998992333111
+998997171110
+998944159275
+998910141188
+998909721980
+998970181982
+998979385577
+998974870303
+998938719040
+998974019293
+998909897998
+998970141486
+998930081213
+998934744777
+998916156101
+998943090012
+998945548643
+998951673303
+998935416555
+998946720808
+998957073837
+998977448411
+998998159191
+998977650110
+998930711436
+998903454374
+998903305955
+998932770217
+998903996110
+998935636818
+998990447871
+998900129297
+998901323777
+998937303577
+998939729797
+998990414662
+998972237434
+998905555985
+998940382526
+998998284261
+998946406043
+998909196354
+998939908844
+998915202828
+998903220991
+998931131523
+998937007500
+998993751424
+998970749492
+998973031394
+998913307883
+998946541719
+998971120047
+998946955938
+998935911990
+998990860897
+998900319721
+998935449955
+998971393322
+998904313251
+998983313161
+998930920296
+998933552283
+998931357078
+998930474461
+998932281521
+998934346000
+998955554774
+998972405005
+998946392109
+998937584060
+998950500533
+998950991150
+998939110172
+998931711412
+998990373521
+998974802661
+998993721523
+998932933132
+998909248551
+998936640666
+998990307522
+998950158182
+998908725298
+998909429962
+998900529699
+998995729009
+998990827722
+998946926680
+998933931731
+998933550901
+998990820588
+998909040464
+998998373566
+998912231590
+998994846903
+998996083240
+998997991837
+998999855152
+998901145141
+998971960002
+998970469595
+998974616166
+998994889164
+998919919191
+998909595459
+998913646696
+998934738181
+998977456886
+998997207277
+998935254444
+998930869558
+998913773366
+998946956005
+998935856652
+998935421661
+998917979555
+998908198040
+998909606161
+998908181587
+998994994541
+998977065717
+998948760700
+998990819948
+998900915102
+998901107224
+998900612406
+998998063363
+998998138356
+998998642000
+998998717244
+998974018184
+998975552488
+998901184934
+998900090209
+998909652023
+998934472115
+998909101464
+998977781340
+998900351100
+998993149702
+998945843333
+998947017771
+998935877874
+998901500593
+998998187175
+998940668844
+998946848540
+998917124002
+998998112930
+998935956464
+998973971162
+998973955597
+998935014543
+998998772162
+998950705057
+998997671990
+998949156777
+998958148283
+998937339000
+998905292777
+998909311115
+998930812429
+998938270545
+998935747371
+998937137606
+998946678692
+998970373630
+998945097370
+998994897222
+998990994099
+998977222891
+998933948988
+998994929292
+998991615457
+998946255547
+998940774310
+998900637272
+998977460714
+998998996009
+998995503636
+998951497749
+998946825151
+998949159008
+998994688410
+998998642850
+998991707878
+998909729794
+998977766234
+998998851666
+998932943495
+998998930081
+998934881930
+998907144048
+998934131354
+998900068485
+998999079373
+998912540005
+998977801330
+998994488999
+998999112128
+998904021231
+998900184737
+998900422929
+998901888424
+998958034455
+998990579781
+998947757767
+998949410885
+998993366264
+998935415404
+998900454080
+998993600848
+998947695828
+998936041923
+998996750308
+998997935719
+998993971217
+998909280360
+998998116687
+998973322911
+998947959933
+998998021582
+998974117935
+998908060206
+998911900646
+998900248108
+998957727756
+998938529779
+998900037808
+998930000228
+998994727022
+998951550506
+998935465025
+998977469441
+998991201991
+998970074804
+998903383092
+998913092937
+998945313660
+998911995667
+998910093931
+998974920105
+998908204344
+998949979929
+998990994390
+998958333737
+998909690330
+998977382336
+998998929944
+998903548440
+998933150132
+998958037899
+998903517766
+998973182002
+998900169090
+998970181915
+998993243787
+998900125711
+998993144993
+998937410430
+998930480504
+998977737979
+998910333300
+998910649601
+998933960072
+998975880075
+998977770785
+998983022515
+998945456900
+998998678865
+998977199970
+998912209226
+998935335266
+998978802292
+998977282325
+998974494957
+998908177794
+998971336690
+998975989695
+998949069893
+998946493331
+998910040484
+998909990944
+998940521116
+998995059840
+998992344044
+998903565002
+998917768409
+998947995085
+998900177799
+998917708177
+998975887696
+998950320198
+998977439310
+998977662260
+998998175605
+998930724246
+998944299622
+998991121787
+998901116600
+998959064488
+998976371200
+998946366669
+998977007716
+998909305653
+998971906066
+998949026467
+998977030031
+998903707300
+998998818282
+998992989400
+998950380897
+998942035000
+998909863004
+998919609000
+998998696596
+998997013883
+998947566656
+998976740011
+998970055200
+998990480838
+998958878742
+998901239100
+998917807005
+998970175768
+998998154275
+998979966799
+998905005631
+998909971119
+998931631797
+998946040585
+998993299997
+998998990031
+998971403250
+998993061661
+998909041351
+998936070551
+998994943652
+998909267667
+998994942905
+998998033630
+998998334534
+998977060863
+998909842425
+998943314454
+998998942210
+998998239596
+998999053305
+998935740900
+998999989133
+998998809054
+998900996800
+998977479501
+998998929883
+998904939898
+998973658878
+998930364994
+998901271029
+998944044094
+998935611215
+998903704589
+998949295990
+998915931416
+998998946790
+998950440119
+998933822995
+998901360806
+998946186863
+998990970341
+998998413741
+998931556242
+998979010085
+998990692200
+998946541889
+998903911317
+998977780367
+998935085756
+998977190740
+998941041018
+998947931133
+998993873951
+998994007310
+998913380874
+998998979799
+998937658080
+998935655060
+998957006688
+998900426191
+998935807788
+998910155158
+998993161666
+998977476603
+998941048711
+998993335955
+998931849192
+998903507131
+998970310575
+998999858111
+998999948434
+998946674465
+998911269167
+998977035153
+998946864843
+998998297636
+998971316777
+998939686665
+998909899092
+998994861148
+998909422828
+998997257226
+998974446948
+998998647733
+998974427808
+998914747466
+998990918999
+998931093106
+998999895337
+998906520201
+998992996111
+998991006334
+998990098417
+998917777311
+998910038279
+998935279060
+998901120386
+998900247070
+998900075813
+998932430140
+998909855198
+998935614499
+998909165885
+998950940085
+998998224401
+998913502550
+998935602328
+998901005501
+998912220601
+998909876168
+998936960005
+998930076007
+998909977593
+998935566772
+998946241991
+998918829848
+998948578011
+998935918489
+998950293000
+998950018990
+998946908006
+998933348494
+998946102206
+998900614045
+998940134115
+998998636368
+998935193936
+998909472277
+998994081636
+998900449951
+998977081994
+998900466930
+998998979090
+998998775575
+998901353260
+998940092434
+998900031888
+998997709889
+998978344747
+998970100752
+998998013972
+998942127766
+998946806797
+998992888444
+998940499495
+998999399600
+998977243936
+998930052602
+998950026747
+998903466467
+998997989766
+998959093575
+998935530477
+998938884221
+998992275599
+998994921236
+998910148775
+998998782103
+998991407493
+998992422462
+998996391076
+998994880121
+998990903090
+998977848444
+998957995544
+998945259966
+998977301252
+998998373344
+998990023148
+998936060165
+998903278077
+998991274113
+998946041110
+998932447455
+998937098794
+998913202664
+998930040220
+998996348134
+998990425004
+998901421222
+998908861515
+998998073527
+998976094999
+998931473500
+998951656558
+998919249092
+998900015022
+998909288171
+998933599975
+998991059909
+998991934411
+998990004269
+998990862365
+998941766366
+998910161711
+998946723343
+998991613313
+998977535310
+998900969797
+998949991141
+998993243324
+998944241695
+998996555644
+998919269494
+998998464673
+998978763377
+998950283237
+998998502181
+998994432803
+998909082398
+998944862301
+998998030339
+998933981917
+998931893686
+998998047528
+998974232202
+998998154917
+998973453935
+998900063995
+998935369311
+998900696565
+998938078083
+998983013213
+998946100069
+998972621989
+998906668060
+998930539898
+998996939262
+998900160492
+998972232444
+998912262524
+998912576936
+998943627505
+998947400038
+998900961515
+998935895889
+998909215756
+998998702258
+998951176566
+998977273052
+998953346644
+998930009314
+998999744787
+998998917991
+998997034248
+998932152797
+998994129559
+998901130218
+998997014354
+998931693344
+998998100616
+998935652565
+998934080880
+998906621123
+998983071300
+998977476945
+998991418858
+998993231595
+998999515255
+998940688313
+998909928715
+998971301091
+998931098150
+998946130088
+998951011999
+998956778585
+998942928323
+998975410909
+998906466669
+998994006400
+998990776497
+998942819908
+998901246446
+998998695252
+998909140123
+998974402626
+998909061050
+998999490957
+998933786160
+998946640553
+998900384543
+998933763642
+998909140283
+998930503900
+998977254242
+998993509585
+998994988369
+998951169990
+998971675155
+998977804404
+998955525359
+998990918097
+998908250028
+998993777775
+998948033700
+998909477655
+998946850906
+998943054475
+998974616061
+998946788786
+998903353537
+998997361656
+998907148888
+998996104818
+998914650254
+998939993363
+998912551224
+998941889977
+998990904424
+998916979781
+998946142332
+998901167384
+998993976564
+998934197101
+998997897442
+998951070280
+998952411909
+998998886264
+998900966785
+998991712117
+998900689798
+998993040488
+998998567955
+998940378585
+998901262740
+998974584848
+998935931275
+998916325615
+998994915254
+998930468172
+998996308276
+998977121301
+998994060631
+998997230005
+998957785780
+998937228625
+998979009834
+998909988676
+998932509804
+998970371117
+998909441890
+998900649300
+998941464969
+998900186062
+998992877761
+998996333200
+998935987007
+998910011121
+998991131999
+998903593778
+998998058696
+998991471987
+998900012723
+998946401007
+998997252950
+998938443424
+998913732001
+998946119950
+998909050031
+998931888899
+998997690502
+998997160770
+998974376564
+998977421185
+998946598001
+998936973610
+998935039300
+998978767755
+998947075666
+998951663388
+998911627111
+998998900964
+998974141134
+998993544444
+998951050665
+998935601133
+998916046404
+998901332513
+998977807858
+998971550049
+998932590017
+998978222688
+998998990434
+998946459045
+998941857109
+998998171546
+998973111711
+998945391582
+998940055479
+998971130123
+998991169191
+998935942903
+998938670252
+998941196666
+998955711081
+998935713004
+998901851550
+998931329900
+998910099006
+998971311154
+998977327414
+998946457223
+998991242882
+998974633303
+998919114809
+998977670457
+998913805101
+998974162747
+998958409585
+998947873033
+998935453337
+998999308242
+998914409390
+998939122129
+998901699322
+998998060350
+998970803644
+998936113248
+998900150228
+998910892125
+998973159002
+998950909585
+998901290119
+998909595228
+998930000904
+998936277383
+998998333299
+998980771888
+998949338013
+998998236766
+998943303843
+998945938337
+998914085351
+998909534335
+998997200018
+998950090119
+998994954996
+998976216611
+998994950274
+998903160203
+998974414200
+998909853097
+998936131800
+998950733739
+998990272719
+998998687733
+998931181321
+998990118788
+998901523099
+998909355999
+998958112662
+998997822109
+998948488110
+998909093331
+998909896116
+998946665604
+998935134082
+998909770113
+998950890088
+998903521684
+998909901078
+998977904466
+998935999160
+998903337335
+998900522051
+998900001320
+998909211258
+998994341124
+998991775500
+998934396662
+998998687377
+998908252365
+998935875297
+998998822602
+998910159033
+998937870807
+998944296353
+998974605709
+998950209444
+998935121975
+998930000398
+998946020067
+998991284343
+998916826078
+998994049394
+998940003600
+998909870220
+998903369944
+998990177383
+998903323223
+998901753220
+998974590099
+998952212297
+998903177527
+998934914419
+998935136006
+998913035603
+998916693994
+998935539673
+998936587767
+998910195510
+998959889886
+998950660728
+998913189380
+998946995797
+998901400890
+998948526868
+998990872998
+998908082203
+998971233430
+998935780314
+998977369899
+998990194644
+998991317000
+998913199993
+998911010481
+998998301410
+998905007879
+998930938686
+998996338422
+998935734181
+998900411003
+998957914151
+998906066363
+998997777723
+998935247809
+998944930053
+998909926227
+998901277252
+998941434000
+998900080156
+998935637629
+998951080506
+998995999992
+998977337063
+998990813791
+998998820607
+998916510363
+998995493606
+998935573348
+998946119229
+998998090080
+998903925755
+998991889292
+998935000086
+998970165797
+998993288112
+998958850777
+998997100357
+998937676774
+998949370237
+998903360102
+998950049291
+998909989939
+998934344300
+998992250052
+998971169593
+998973107390
+998944446688
+998910154642
+998999380322
+998937803069
+998912510099
+998900128022
+998935884011
+998900948898
+998997646373
+998977141330
+998974343706
+998935285285
+998998804485
+998974029911
+998976943311
+998953300995
+998996991199
+998993905434
+998998915939
+998933044401
+998938380201
+998977774942
+998901157033
+998994742772
+998908191250
+998909993952
+998998799529
+998992821212
+998936427576
+998915169896
+998938202131
+998930770701
+998909867993
+998903072000
+998942610999
+998974229298
+998998454681
+998915900103
+998998510335
+998999105200
+998971022723
+998903265676
+998955201188
+998949101929
+998946718777
+998934038508
+998977730124
+998914149404
+998931364250
+998909962266
+998930030325
+998948229690
+998991303930
+998978570782
+998992276444
+998996631094
+998998140691
+998917793478
+998905540907
+998903749974
+998903346641
+998949381775
+998972027816
+998938739212
+998975216967
+998977428386
+998909706763
+998934109033
+998993687878
+998943666352
+998990335248
+998958034142
+998930025888
+998934138929
+998937444489
+998935870700
+998934954363
+998940440600
+998958585949
+998935739107
+998931023880
+998933975850
+998946063032
+998998508032
+998977038222
+998940247656
+998996076067
+998901671626
+998998215006
+998943023399
+998915138797
+998973640909
+998901157733
+998991250741
+998905018070
+998950371710
+998935155730
+998994686319
+998946661066
+998972944373
+998946007474
+998933458026
+998933920928
+998944041415
+998900361010
+998998706901
+998990525271
+998946213838
+998977706400
+998946780343
+998991017001
+998990791053
+998977009166
+998900030344
+998949244440
+998978891825
+998938648000
+998909800298
+998999325242
+998949241914
+998932536955
+998901172187
+998906098784
+998901877020
+998977477796
+998958083295
+998998571723
+998931537671
+998973891115
+998957070195
+998937098353
+998998482211
+998900085033
+998935678979
+998900140119
+998906238773
+998911660505
+998949377331
+998940629080
+998999974999
+998999685059
+998999875059
+998940505400
+998944100149
+998900102404
+998958888010
+998948314045
+998950008696
+998991977142
+998938883337
+998977520115
+998946470567
+998908062580
+998998804705
+998996951441
+998939373936
+998948434344
+998946208165
+998999391419
+998994450033
+998958706565
+998917754092
+998935828244
+998948606860
+998941103230
+998998397318
+998912524144
+998900231401
+998937930200
+998999118100
+998909124840
+998945792222
+998932591111
+998931174446
+998999739858
+998978041105
+998979960174
+998931369371
+998931180220
+998900040927
+998919757080
+998935793515
+998900225738
+998950447981
+998901252878
+998998882011
+998946069644
+998999915959
+998952100005
+998914012777
+998936685842
+998998354944
+998946236776
+998936668646
+998990602064
+998909096826
+998952550793
+998903705090
+998909224444
+998999975320
+998955555949
+998909195450
+998909918606
+998994396770
+998992999333
+998947755224
+998996468899
+998994845120
+998906621420
+998914138800
+998998720315
+998908189478
+998976330706
+998944069846
+998977627002
+998934075720
+998935391276
+998940290018
+998935544940
+998977047582
+998999134627
+998997774217
+998909226720
+998977386207
+998994711119
+998996366556
+998949085058
+998919106090
+998977086882
+998997707877
+998942129727
+998997096900
+998999744625
+998998461091
+998909195909
+998935013685
+998940400451
+998978828383
+998944940085
+998909956525
+998935101112
+998911353300
+998999419667
+998959500016
+998909064368
+998946844477
+998995510181
+998977383933
+998947067367
+998901231018
+998998126645
+998903229888
+998938230800
+998999383808
+998993806504
+998909623603
+998917719307
+998903132498
+998945612220
+998997526292
+998909980939
+998938327722
+998978344554
+998937916555
+998909404003
+998905012600
+998946234717
+998932936618
+998942420111
+998977718141
+998977998891
+998909803222
+998958702271
+998999924111
+998944020914
+998950009779
+998950077078
+998935521661
+998908068589
+998999092521
+998931129516
+998933510402
+998990501666
+998900539877
+998992251000
+998903577471
+998944010650
+998914147272
+998946647710
+998990000715
+998900608540
+998904070603
+998932918999
+998949859090
+998943286706
+998937221936
+998946959274
+998977815302
+998901130289
+998901285366
+998901140662
+998991887577
+998903252682
+998953373032
+998901245654
+998911375595
+998940524443
+998990051309
+998957177410
+998905697330
+998941291989
+998990457277
+998903709585
+998991107670
+998919118490
+998900197400
+998933896655
+998998374885
+998903156962
+998905344000
+998990085656
+998998451186
+998996374019
+998998095992
+998948799900
+998930030437
+998935095027
+998931795005
+998977732829
+998933863943
+998977630544
+998951150389
+998999754878
+998990406621
+998931311010
+998930450216
+998990012919
+998900210122
+998944114747
+998907702182
+998990020905
+998940193633
+998900974440
+998948961255
+998983650780
+998974506671
+998999047173
+998990195949
+998998228882
+998994205292
+998974427107
+998900640717
+998919196663
+998998122982
+998940567840
+998996035260
+998909637265
+998916118082
+998901335545
+998990098861
+998909995080
+998906871987
+998946075405
+998903272708
+998974413255
+998907112580
+998998008782
+998900108864
+998995344454
+998903179037
+998974040480
